#item	conf(y) (out of 1000 total sols)
YDR017C	0.526860	510	32
YLR079W	0.002000	2	0
YOL139C	1.000000	954	46
YJR053W	1.000000	952	48
YBR279W	0.963235	917	48
YDR162C	1.000000	955	45
YER125W	1.000000	954	46
YDR432W	1.000000	948	52
YKL168C	0.997888	945	53
YBL085W	1.000000	953	47
YML057W	0.049147	49	3
YDR135C	1.000000	937	63
YMR139W	1.000000	933	67
YAL041W	1.000000	945	55
YGL180W	1.000000	952	48
YGR097W	0.895397	856	44
YBR200W	1.000000	960	40
YNL243W	1.000000	942	58
YHR099W	1.000000	957	43
YBR160W	1.000000	951	49
YNL154C	0.953878	910	46
YOR061W	1.000000	949	51
YGR040W	0.005000	5	0
YOR153W	0.951883	910	44
YGR240C	1.000000	951	49
YLR103C	0.956797	908	51
YNL251C	0.997917	958	40
YLR055C	1.000000	947	53
YDR099W	1.001064	941	60
YKL074C	0.945946	910	38
YLR113W	1.000000	1000	0
YOR119C	0.027054	27	2
YLR229C	1.000000	954	46
YHR016C	1.000000	943	57
YGR287C	1.000000	953	47
YER114C	0.893264	862	35
YHR170W	0.954879	910	47
YCL061C	0.954214	917	39
YDR439W	0.891005	842	55
YIL095W	1.000000	963	37
YLL013C	0.997899	950	48
YER151C	1.000000	949	51
YGL023C	0.178248	177	7
YER129W	0.814969	784	38
YER155C	0.894572	857	42
YBL007C	1.000000	952	48
YDR388W	1.000000	949	51
YDR110W	0.001000	1	0
NPR71	0.999000	999	0
YCL024W	1.000000	960	40
YMR260C	1.000000	959	41
YDL117W	1.000000	947	53
YAL024C	1.000000	956	44
YLR190W	0.951093	914	39
YLR138W	0.376016	370	16
YDL159W	0.898865	871	31
YER133W	1.000000	958	42
YKL203C	0.050302	50	6
YHR031C	0.956159	916	42
YDR477W	1.000000	959	41
YBR102C	0.712953	688	35
YNL161W	1.000000	959	41
YHL007C	1.000000	949	51
YPR115W	1.000000	941	59
YHR102W	0.102513	102	5
YDL029W	0.998950	951	48
YKL101W	1.000000	961	39
YIR006C	1.000000	956	44
YDR229W	0.001000	1	0
YJR065C	0.998942	944	55
YJL187C	1.000000	950	50
YAR019C	1.000000	951	49
YEL015W	0.997904	952	46
YBL103C	0.951579	904	50
YIL159W	0.995846	959	37
YBR182C	0.998958	959	40
YGL207W	0.946002	911	37
YDR225W	1.000000	961	39
YDR239C	0.995794	947	49
YLR314C	1.000000	951	49
YFR021W	1.001053	951	50
YCR052W	0.958115	915	45
NPR66	1.000000	1000	0
YHR030C	1.000000	941	59
YCR073C	0.945720	906	42
YLR096W	1.000000	955	45
YER132C	0.898340	866	36
YKL166C	1.000000	959	41
YCR002C	0.998947	949	50
YIL106W	0.995763	940	56
YMR068W	0.955162	916	41
YMR291W	0.953975	912	44
CDC14IA1	0.910000	910	0
YDL017W	0.952781	908	47
YHL009C	1.000000	956	44
YGL178W	0.077154	77	2
YER036C	1.000000	957	43
YHR205W	1.000000	950	50
YBR059C	0.996875	957	40
YPL256C	0.995876	966	30
YHR082C	1.000000	954	46
YIL126W	0.955115	915	42
YJL072C	0.952577	924	30
YDR507C	1.000000	949	51
YLL039C	1.000000	951	49
CDC14RD24	0.997000	997	0
CDC14RD23	1.000000	1000	0
CDC14RD20	1.000000	1000	0
CDC14RD21	0.955000	955	0
YOR360C	1.000000	1000	0
YGL008C	0.953076	914	41
YMR032W	0.950837	909	44
YMR196W	1.000000	955	45
YOR039W	0.001000	1	0
YLR257W	0.813542	781	40
PDE2ID42	1.000000	1000	0
PDE2ID43	0.999000	999	0
YFL039C	1.000000	945	55
YJL005W	1.000000	951	49
YIL038C	0.003000	3	0
YER177W	1.000000	951	49
YER111C	0.988482	944	45
YEL022W	0.961297	919	44
YLR248W	1.000000	956	44
YGL197W	0.776275	746	39
YNL330C	0.061061	61	1
YDR293C	1.000000	950	50
YPR181C	0.996825	942	55
YNL027W	1.000000	956	44
CDC14IA6	0.995000	995	0
CDC14RD13	0.999000	999	0
YCL014W	0.102513	102	5
YPR019W	0.005000	5	0
CDC14RD15	1.000000	1000	0
NPI65	1.000000	1000	0
CDC14RD19	1.000000	1000	0
YDL042C	0.089268	89	3
NPI61	1.000000	1000	0
YBR172C	1.000000	945	55
HOG1RD38	1.000000	1000	0
YFL023W	1.000000	963	37
YER118C	1.000000	950	50
HOG1RD33	1.000000	1000	0
YFL038C	0.955367	899	59
HOG1RD35	1.000000	1000	0
YLR429W	0.645361	626	30
HOG1RD37	0.888000	888	0
YKL008C	0.998959	960	39
PDE2RA58	1.000000	1000	0
YNL271C	0.043173	43	4
YMR055C	0.037037	37	1
PDE2RA51	0.995000	995	0
PDE2RA50	0.995000	995	0
PDE2RA52	1.000000	1000	0
YJL128C	1.000000	948	52
PDE2RA54	0.946000	946	0
YJR076C	1.000000	961	39
YAR015W	0.995829	955	41
YBR108W	0.944619	904	43
YHR158C	1.000000	956	44
YPL209C	0.673891	653	31
YDL203C	1.000000	951	49
YPL020C	1.000000	955	45
YBR109C	1.000000	952	48
YDR510W	1.000000	939	61
YGL179C	0.961257	918	45
NPR67	1.000000	1000	0
YCL032W	0.897490	858	44
YPL153C	1.000000	951	49
YBR275C	0.867016	828	45
NPR69	1.000000	1000	0
NPI63	1.000000	1000	0
YHR186C	1.000000	955	45
YMR036C	0.996842	947	50
YBR130C	0.018000	18	0
YNL307C	1.001062	943	58
YGL158W	0.039078	39	2
YGR162W	1.000000	947	53
YNR031C	0.948079	913	37
CDC14ID5	0.951000	951	0
YJL076W	1.000000	957	43
CDC14ID7	1.000000	1000	0
YNL078W	1.000000	955	45
CDC14ID2	0.997000	997	0
CDC14ID3	0.951000	951	0
YJL020C	1.000000	944	56
YPL203W	1.000000	947	53
CDC14ID9	1.000000	1000	0
YPR185W	0.856100	821	41
YGR052W	1.001052	952	49
YOL148C	0.944328	899	48
YBL016W	1.000000	945	55
YPR119W	1.000000	946	54
HOG1ID28	1.000000	1000	0
HOG1ID29	1.000000	1000	0
HOG1ID27	1.000000	1000	0
HOG1ID25	1.000000	1000	0
HOG1RA39	0.999000	999	0
YDL149W	1.000000	943	57
YHR061C	0.155556	154	10
YDL220C	1.000000	958	42
YPL115C	0.978125	939	40
YJL164C	1.000000	946	54
YJL080C	1.000000	949	51
YIL035C	0.900315	858	47
YJR059W	1.000000	950	50
NPR74	1.000000	1000	0
YPL031C	0.960084	914	48
NPR76	1.000000	1000	0
NPR70	0.997000	997	0
YAR014C	1.000000	940	60
NPR72	0.997000	997	0
NPR73	1.000000	1000	0
YFR028C	1.000000	1000	0
YFR014C	0.945664	905	43
YML121W	0.942044	894	51
YGR218W	1.000000	957	43
YHR107C	1.000000	947	53
HOG1IA30	0.998000	998	0
YOR141C	1.000000	956	44
YNL183C	1.000000	956	44
YER167W	0.956113	915	43
YDR356W	0.716942	694	32
CDC14RA12	0.959000	959	0
YDL155W	1.000000	963	37
YKR048C	1.000000	946	54
YKL161C	1.000000	954	46
HOG1ID31	1.000000	1000	0
HOG1ID32	1.000000	1000	0
YDR247W	1.000000	951	49
YLR345W	1.000000	947	53
YDL140C	1.000000	941	59
YGL210W	0.998957	958	41
YBL064C	0.997906	953	45
YJL095W	0.899063	864	39
YGL003C	0.929387	895	37
YCR086W	0.005000	5	0
YJR066W	0.594008	575	32
YLR116W	0.947534	903	47
YPR032W	1.001042	961	40
YDL025C	1.000000	951	49
YPR171W	0.944269	898	49
YOR224C	1.000000	959	41
YBR154C	0.946372	900	49
