#item	conf(y) (out of 1000 total sols)
YBL026W	1.000000	945	55
YGL123W	0.953537	903	53
YMR165C	1.000000	957	43
YPL031C	1.000000	959	41
YNL293W	0.948798	908	43
YDL147W	0.998947	949	50
YGR200C	0.996849	949	48
YCR105W	0.062312	62	5
YDR475C	0.958904	910	51
YDR170C	0.996845	948	49
HOG1ID46	1.000000	1000	0
YGL092W	0.965696	929	38
HOG1ID42	1.000000	1000	0
CDC14ID19	1.000000	1000	0
HOG1ID48	1.000000	1000	0
HOG1ID49	1.000000	1000	0
YBR010W	1.000000	952	48
HOG1RA51	0.913000	913	0
YKL014C	1.000000	957	43
YDR451C	0.996825	942	55
YLR340W	1.000000	948	52
NPR12	0.961000	961	0
NPR11	0.906000	906	0
NPR16	0.946000	946	0
YNL079C	0.958333	897	64
NPR8	0.906000	906	0
YDL155W	1.000000	971	29
YER165W	1.000000	947	53
YOR326W	1.000000	953	47
YIR026C	1.000000	953	47
YJR072C	0.957850	909	51
CDC14ID22	0.949000	949	0
CDC14ID21	1.000000	1000	0
YLR206W	0.957113	915	44
CDC14ID26	0.955000	955	0
CDC14ID25	0.955000	955	0
YBR059C	0.624360	610	23
YMR115W	0.997912	956	42
YIR010W	1.000000	942	58
YPL126W	0.961378	921	42
YOR340C	0.998951	952	47
YJR059W	1.000000	942	58
YNL110C	0.114804	114	7
YER148W	1.000000	955	45
CDC14RD41	0.916000	916	0
YER155C	1.000000	951	49
YNL020C	0.850211	806	52
YDR280W	0.954832	909	48
YNL025C	0.952632	905	50
YER133W	1.000000	959	41
YIL105C	0.997910	955	43
YOR144C	0.729927	700	41
YGL190C	0.603306	584	32
PDE2ID63	0.916000	916	0
YPR141C	0.084677	84	8
CDC14RA40	1.000000	1000	0
YOL113W	0.972832	931	43
YHR161C	0.679342	661	27
YAR019C	1.000000	953	47
YLR018C	0.955696	906	52
PDE2RA67	0.996000	996	0
PDE2RA68	1.000000	1000	0
PDE2RA69	0.904000	904	0
YKL211C	0.007000	7	0
YKL168C	1.000000	965	35
YMR190C	0.953927	911	45
YHR154W	0.133938	133	7
YLL024C	1.000000	950	50
YHL007C	0.959162	916	45
CDC14RD35	1.000000	1000	0
YGL240W	0.947699	906	44
CDC14RD36	1.000000	1000	0
CDC14RD31	1.000000	1000	0
CDC14RD30	1.000000	1000	0
CDC14RD32	0.957000	957	0
NPI1	1.000000	1000	0
NPI3	0.922000	922	0
YOR151C	0.956567	925	33
NPI5	0.995000	995	0
YIL004C	0.953027	913	42
YOL012C	1.000000	943	57
YPL236C	0.963351	920	45
HOG1ID47	1.000000	1000	0
YDL160C	0.836968	806	37
YGR047C	0.958203	917	43
YHL025W	0.997904	952	46
PDE2RA70	0.991000	991	0
PDE2RA76	0.908000	908	0
YGL099W	0.105847	105	8
YNL272C	0.947368	900	50
YNL002C	0.178068	177	6
YFR034C	1.000000	959	41
YGL206C	0.968421	920	50
YGR215W	0.958027	913	47
YDR460W	1.000000	951	49
YLL039C	1.000000	955	45
YDR224C	1.000000	949	51
YPR032W	0.955115	915	42
YDL173W	0.767539	733	45
YOR360C	1.000000	1000	0
YGL008C	0.958817	908	53
YKL145W	0.002000	2	0
YNL207W	1.000000	954	46
YPL093W	0.997927	963	35
YGR274C	0.852754	805	56
YHR056C	0.248479	245	14
YOR206W	0.949948	911	41
YMR129W	0.997893	947	51
YLR274W	1.000000	963	37
YOL133W	1.000000	952	48
YDR507C	0.996805	936	61
YNL298W	1.000000	958	42
YNL330C	0.065327	65	5
YPR019W	1.000000	946	54
YOL051W	1.000000	966	34
HOG1RD56	0.997000	997	0
HOG1RD57	0.998000	998	0
YNL227C	0.953271	918	37
YPL248C	0.852697	822	36
YOR310C	1.000000	958	42
YKL117W	0.970681	927	45
YFR028C	1.000000	1000	0
YKL210W	0.052261	52	5
YDL005C	1.000000	944	56
YGR186W	0.942469	901	44
YKL008C	0.959119	915	46
YDL223C	0.121976	121	8
YGL191W	0.940000	893	50
YNL027W	0.942827	907	38
YOR153W	0.998947	949	50
YOL117W	0.958159	916	44
YGL120C	1.000000	952	48
YBR108W	1.000000	953	47
YLR113W	1.000000	1000	0
YLR347C	0.997899	950	48
YGL256W	0.970464	920	52
YAL005C	0.997890	946	52
YHR099W	1.000000	952	48
YBL064C	0.595287	581	24
YMR086W	0.788004	762	33
YHR186C	1.000000	953	47
YHR084W	0.158107	157	7
YML064C	0.948905	910	41
YPL240C	1.000000	948	52
YNL307C	0.945664	905	43
YGL158W	1.000000	949	51
YIL115C	1.000000	963	37
HOG1IA43	0.947000	947	0
HOG1IA45	0.996000	996	0
YGR162W	0.018036	18	2
YDL165W	0.054108	54	2
YHR158C	0.855057	820	41
YPR191W	0.964173	915	51
YPL203W	1.000000	964	36
YHR200W	1.000000	944	56
YBL016W	0.953125	915	40
YOR117W	1.000000	961	39
YGR048W	0.877847	848	34
YML010W	0.996825	942	55
YML035C	1.000000	948	52
YJL187C	1.000000	937	63
YNR009W	0.785789	752	43
YMR290C	1.000000	952	48
YOR259C	1.000000	955	45
YJL057C	1.000000	953	47
YNL030W	0.175580	174	9
YMR049C	0.975866	930	47
YGR218W	1.000000	951	49
YBR081C	1.000000	958	42
YLR096W	1.000000	954	46
YGR092W	1.000000	942	58
YOL041C	0.939267	897	45
YMR047C	1.000000	953	47
YOR065W	0.484663	474	22
YER177W	0.845673	811	41
YMR037C	0.680541	654	39
YOR231W	1.000000	950	50
YGL173C	0.944619	904	43
YNR006W	1.000000	962	38
YDR247W	0.952681	906	49
YMR001C	0.997888	945	53
YDL140C	1.000000	955	45
YDL132W	1.000000	957	43
YOL115W	0.957203	917	42
YPR016C	0.013000	13	0
YOL018C	0.957557	925	34
YBR109C	1.000000	956	44
YMR117C	0.956021	913	45
YBR009C	1.000000	954	46
YFL013C	0.995776	943	53
YEL037C	0.997917	958	40
YDL229W	1.000000	942	58
YDL002C	0.168177	167	7
